=====================================================================================
HAL-HAS model type: 1
Number of site categories: 1
Mode of optimization method: 5
MaxIT of optimization method: 10
Log-likelihood: -15312.01
Degree of freedom: 44
AIC : 30712.01
[parameter set 0]
0.43459	3.52037	0.62065	1.22042	1.43076	0.15061	0.22565	0.20978	0.26151	0.30306	0.01100
0.43459	3.52037	0.62065	1.22042	1.43076	0.15061	0.22565	0.20978	0.26151	0.30306	0.01295
0.43459	3.52037	0.62065	1.22042	1.43076	0.15061	0.22565	0.20978	0.26151	0.30306	0.01745
0.43459	3.52037	0.62065	1.22042	1.43076	0.15061	0.22565	0.20978	0.26151	0.30306	0.00534
0.43459	3.52037	0.62065	1.22042	1.43076	0.15061	0.22565	0.20978	0.26151	0.30306	0.02339
1.14095	1.92820	0.59007	1.39897	1.49273	0.24035	0.28915	0.31159	0.22245	0.17680	0.01152
0.43459	3.52037	0.62065	1.22042	1.43076	0.15061	0.22565	0.20978	0.26151	0.30306	0.02336
0.43459	3.52037	0.62065	1.22042	1.43076	0.15061	0.22565	0.20978	0.26151	0.30306	0.00796
0.43255	0.38854	0.32553	0.53916	0.38303	0.12697	0.31360	0.24752	0.21099	0.22788	0.47684
1.14095	1.92820	0.59007	1.39897	1.49273	0.24035	0.28915	0.31159	0.22245	0.17680	0.13412
1.14095	1.92820	0.59007	1.39897	1.49273	0.24035	0.28915	0.31159	0.22245	0.17680	0.19606
1.14095	1.92820	0.59007	1.39897	1.49273	0.24035	0.28915	0.31159	0.22245	0.17680	0.05486
0.43255	0.38854	0.32553	0.53916	0.38303	0.12697	0.31360	0.24752	0.21099	0.22788	1.56184
0.43255	0.38854	0.32553	0.53916	0.38303	0.12697	0.31360	0.24752	0.21099	0.22788	1.10007
beta : 0.56852
alpha : 0.43148
probXGivenInv : 0.30257,0.16804,0.13724,0.39215
rootNodeFreq : 0.48314,0.26995,0.05696,0.18995
=====================================================================================
HAL-HAS model type: 2
Number of site categories: 2
Mode of optimization method: 5
MaxIT of optimization method: 10
Log-likelihood: -15240.71
Degree of freedom: 70
AIC : 30621.42
[parameter set 0]
0.24094	1.51587	0.29646	2.01647	2.73202	0.19388	0.36318	0.10414	0.25869	0.27398	0.08923
0.24094	1.51587	0.29646	2.01647	2.73202	0.19388	0.36318	0.10414	0.25869	0.27398	0.06944
0.24094	1.51587	0.29646	2.01647	2.73202	0.19388	0.36318	0.10414	0.25869	0.27398	0.13613
0.24094	1.51587	0.29646	2.01647	2.73202	0.19388	0.36318	0.10414	0.25869	0.27398	0.03925
0.24094	1.51587	0.29646	2.01647	2.73202	0.19388	0.36318	0.10414	0.25869	0.27398	0.13319
0.95791	2.13478	0.52680	1.76444	1.49812	0.34000	0.76059	0.07797	0.08978	0.07166	0.06989
0.24094	1.51587	0.29646	2.01647	2.73202	0.19388	0.36318	0.10414	0.25869	0.27398	0.09648
0.24094	1.51587	0.29646	2.01647	2.73202	0.19388	0.36318	0.10414	0.25869	0.27398	0.05785
0.35576	0.57611	0.26885	0.70885	0.30558	0.18589	0.71172	0.09682	0.07324	0.11822	2.28792
0.95791	2.13478	0.52680	1.76444	1.49812	0.34000	0.76059	0.07797	0.08978	0.07166	0.92328
0.95791	2.13478	0.52680	1.76444	1.49812	0.34000	0.76059	0.07797	0.08978	0.07166	0.00001
0.95791	2.13478	0.52680	1.76444	1.49812	0.34000	0.76059	0.07797	0.08978	0.07166	0.23989
0.35576	0.57611	0.26885	0.70885	0.30558	0.18589	0.71172	0.09682	0.07324	0.11822	3.78458
0.35576	0.57611	0.26885	0.70885	0.30558	0.18589	0.71172	0.09682	0.07324	0.11822	0.79068
[parameter set 1]
0.24094	1.51587	0.29646	2.01647	2.73202	0.19388	0.64999	0.16711	0.10386	0.07905	0.00001
0.24094	1.51587	0.29646	2.01647	2.73202	0.19388	0.64999	0.16711	0.10386	0.07905	0.00653
0.24094	1.51587	0.29646	2.01647	2.73202	0.19388	0.64999	0.16711	0.10386	0.07905	0.00087
0.24094	1.51587	0.29646	2.01647	2.73202	0.19388	0.64999	0.16711	0.10386	0.07905	0.00001
0.24094	1.51587	0.29646	2.01647	2.73202	0.19388	0.64999	0.16711	0.10386	0.07905	0.01211
0.95791	2.13478	0.52680	1.76444	1.49812	0.34000	0.26836	0.34945	0.18478	0.19741	0.00400
0.24094	1.51587	0.29646	2.01647	2.73202	0.19388	0.64999	0.16711	0.10386	0.07905	0.01970
0.24094	1.51587	0.29646	2.01647	2.73202	0.19388	0.64999	0.16711	0.10386	0.07905	0.00373
0.35576	0.57611	0.26885	0.70885	0.30558	0.18589	0.31647	0.29227	0.13154	0.25972	0.34875
0.95791	2.13478	0.52680	1.76444	1.49812	0.34000	0.26836	0.34945	0.18478	0.19741	0.09118
0.95791	2.13478	0.52680	1.76444	1.49812	0.34000	0.26836	0.34945	0.18478	0.19741	0.14879
0.95791	2.13478	0.52680	1.76444	1.49812	0.34000	0.26836	0.34945	0.18478	0.19741	0.07419
0.35576	0.57611	0.26885	0.70885	0.30558	0.18589	0.31647	0.29227	0.13154	0.25972	0.00001
0.35576	0.57611	0.26885	0.70885	0.30558	0.18589	0.31647	0.29227	0.13154	0.25972	2.74857
beta : 0.54519
alpha : 0.08902,0.36579
probXGivenInv : 0.30477,0.16146,0.13947,0.39429
rootNodeFreq : 0.58094,0.23979,0.12513,0.05414,0.33114,0.28617,0.13868,0.24401
=====================================================================================
HAL-HAS model type: 1
Number of site categories: 2
Mode of optimization method: 5
MaxIT of optimization method: 10
Log-likelihood: -15231.88
Degree of freedom: 85
AIC : 30633.76
[parameter set 0]
0.31797	2.71388	0.54161	2.67571	5.38126	0.82405	0.42711	0.15201	0.22360	0.19727	0.06303
0.31797	2.71388	0.54161	2.67571	5.38126	0.82405	0.42711	0.15201	0.22360	0.19727	0.03956
0.31797	2.71388	0.54161	2.67571	5.38126	0.82405	0.42711	0.15201	0.22360	0.19727	0.09652
0.31797	2.71388	0.54161	2.67571	5.38126	0.82405	0.42711	0.15201	0.22360	0.19727	0.02711
0.31797	2.71388	0.54161	2.67571	5.38126	0.82405	0.42711	0.15201	0.22360	0.19727	0.07337
0.00001	4.45672	0.08999	6.89551	2.68118	1.86484	0.80336	0.08708	0.07215	0.03741	0.05868
0.31797	2.71388	0.54161	2.67571	5.38126	0.82405	0.42711	0.15201	0.22360	0.19727	0.03586
0.31797	2.71388	0.54161	2.67571	5.38126	0.82405	0.42711	0.15201	0.22360	0.19727	0.04882
1.23413	1.24196	0.37347	0.62719	0.51922	0.00001	0.66020	0.09333	0.07783	0.16864	1.01329
0.00001	4.45672	0.08999	6.89551	2.68118	1.86484	0.80336	0.08708	0.07215	0.03741	1.99501
0.00001	4.45672	0.08999	6.89551	2.68118	1.86484	0.80336	0.08708	0.07215	0.03741	0.00001
0.00001	4.45672	0.08999	6.89551	2.68118	1.86484	0.80336	0.08708	0.07215	0.03741	0.22004
1.23413	1.24196	0.37347	0.62719	0.51922	0.00001	0.66020	0.09333	0.07783	0.16864	1.65159
1.23413	1.24196	0.37347	0.62719	0.51922	0.00001	0.66020	0.09333	0.07783	0.16864	0.30238
[parameter set 1]
0.26105	2.72541	0.85617	1.99532	2.25657	0.00001	0.46458	0.22295	0.17671	0.13576	0.00011
0.26105	2.72541	0.85617	1.99532	2.25657	0.00001	0.46458	0.22295	0.17671	0.13576	0.00523
0.26105	2.72541	0.85617	1.99532	2.25657	0.00001	0.46458	0.22295	0.17671	0.13576	0.00001
0.26105	2.72541	0.85617	1.99532	2.25657	0.00001	0.46458	0.22295	0.17671	0.13576	0.00001
0.26105	2.72541	0.85617	1.99532	2.25657	0.00001	0.46458	0.22295	0.17671	0.13576	0.00932
0.99954	1.84854	0.67318	1.42218	1.40135	0.28994	0.24221	0.35431	0.21478	0.18869	0.00635
0.26105	2.72541	0.85617	1.99532	2.25657	0.00001	0.46458	0.22295	0.17671	0.13576	0.01680
0.26105	2.72541	0.85617	1.99532	2.25657	0.00001	0.46458	0.22295	0.17671	0.13576	0.00238
0.19289	0.39808	0.21690	0.47062	0.21617	0.16295	0.33309	0.30394	0.12481	0.23816	0.51125
0.99954	1.84854	0.67318	1.42218	1.40135	0.28994	0.24221	0.35431	0.21478	0.18869	0.09739
0.99954	1.84854	0.67318	1.42218	1.40135	0.28994	0.24221	0.35431	0.21478	0.18869	0.15234
0.99954	1.84854	0.67318	1.42218	1.40135	0.28994	0.24221	0.35431	0.21478	0.18869	0.07840
0.19289	0.39808	0.21690	0.47062	0.21617	0.16295	0.33309	0.30394	0.12481	0.23816	0.09568
0.19289	0.39808	0.21690	0.47062	0.21617	0.16295	0.33309	0.30394	0.12481	0.23816	3.82025
beta : 0.54188
alpha : 0.08225,0.37587
probXGivenInv : 0.30238,0.15081,0.13988,0.40692
rootNodeFreq : 0.58151,0.25391,0.11770,0.04688,0.34225,0.29870,0.13627,0.22279
